              precision    recall  f1-score   support

           a       0.86      0.84      0.85        77
           b       0.93      0.82      0.87        79
           c       0.62      0.76      0.68        83
           d       0.71      0.72      0.71        88
           e       0.76      0.61      0.68        79
           f       0.78      0.66      0.71        90
           g       0.68      0.69      0.68        61
           h       0.56      0.33      0.42        54
           i       0.88      0.60      0.71        82
           j       0.34      0.26      0.29        58
           k       0.54      0.70      0.61        87
           l       0.75      0.79      0.77        89
           m       0.50      0.77      0.60        70
           n       0.50      0.28      0.36        69
          nn       0.68      0.38      0.49        55
           o       0.51      0.59      0.55        71
           p       0.65      0.72      0.68        78
           q       0.78      0.93      0.85        67
           r       0.53      0.75      0.62        85
           s       0.36      0.41      0.39        58
           t       0.84      0.74      0.79        85
           u       0.80      0.76      0.78        87
           v       0.72      0.75      0.73        79
           w       0.73      0.71      0.72        82
           x       0.62      0.81      0.71        81
           y       0.74      0.79      0.76        92
           z       0.62      0.31      0.42        51

    accuracy                           0.67      2037
   macro avg       0.67      0.65      0.65      2037
weighted avg       0.68      0.67      0.66      2037
